36      127256 PEMINDAHAN KE 758547291
20      127256 0000000000 00 LEMBUR SATPAM JUMAT TGL 23/02/2024
01 260224 0023 13 84061 021051 260224 127256 00  00  00
   00000000                              90.627,00-  2.036.338.523,00

36      121091 PEMINDAHAN KE 1050319826
20      121091 0000000000 00 LEMBUR SATPAM JUMAT TGL 23/02/2024
01 260224 0023 13 84061 021051 260224 121091 00  00  00
   00000000                              90.627,00-  2.036.429.150,00

36      105789 PEMINDAHAN KE 436173820
20      105789 0000000000 00 LEMBUR SATPAM JUMAT TGL 23/02/2024
01 260224 0023 13 84061 021051 260224 105789 00  00  00
   00000000                              90.627,00-  2.036.519.777,00

36      88975 PEMINDAHAN KE 4848994894
20      88975 0000000000 00 LEMBUR SATPAM JUMAT TGL 23/02/2024
01 260224 0023 13 84061 021051 260224 088975 00  00  00
   00000000                              90.627,00-  2.036.610.404,00

36      83514 PEMINDAHAN KE 3027242020
20      83514 0000000000 00 LEMBUR SATPAM JUMAT TGL 23/02/2024
01 260224 0023 13 84061 021051 260224 083514 00  00  00
   00000000                              90.627,00-  2.036.701.031,00

36      9211 PEMINDAHAN KE 219626190
21 050626 0996 09 00001 021051 050626 009211 01   Ext Narration
20      9211 23/818177/LEMBUR DRIVER
01 050626 0996 09 00001 021051 050626 009211 00  00  00
   00000000                              692.070,00-  337.623.657,00-
